Name;ForeignKey;Star;Ranking;Locality;Location;TCommentCount;TExcellentCount;TGoodCount;TNormalCount;TBadCount;TVeryBadCount;TFamilyCat;TCoupleCat;TSoloCat;TBusinessCat;
灿客栈;;5.0;1;虹口区;31.243292,121.48367;140;125;13;2;0;0;18;25;15;18;
五重奏旅店;;4.5;2;法租界;31.21596,121.44767;114;77;29;8;0;0;5;34;12;6;
子鱼居酒店南京东路店;;4.0;3;外滩;31.239485,121.48541;58;20;31;5;2;0;4;35;6;5;
赤忱酒店;;4.5;4;城隍庙;31.217497,121.496155;14;6;7;1;0;0;2;4;4;1;
小木兰旅馆;;4.5;5;法租界;31.216137,121.45225;88;52;27;5;3;1;6;36;10;5;
朱家角草堂客栈;;4.0;6;;;31.112911,121.054985;15;3;11;1;0;0;3;0;2;1;
火车栈;;4.5;7;
;31.08372,121.5111;3;1;2;0;0;0;1;1;0;0;
上海麦新格国际酒店;;4.0;8;;;,;2;0;2;0;0;0;0;0;0;1;
旭辉圆石滩精品酒店;;5.0;9;;;,;1 ;;;;;;;;;;
玲珑宾馆;;4.0;10;中山公园;31.21385,121.43163;39;9;25;3;1;1;2;3;3;4;
myway水乡驿站 ;;5.0;11;;;31.10721,121.05369;2;1;0;0;0;0;0;0;0;0;
考拉花园旅舍;;4.0;12;虹口区;31.26437,121.48163;91;37;29;17;3;4;2;16;7;3;
大众空港宾馆;;3.5;13;Pudong International Airport;31.150902,121.8058;644;58;273;204;66;36;36;42;65;161;
四季农家乐;;5.0;14;;;,;4;3;1;0;0;0;0;0;0;1;
大公红馆;;5.0;15;;;,;1 ;;;;;;;;;;
老时光;;4.0;16;Xujiahui;31.09571,121.18855;28;9;16;2;1;0;4;2;0;0;
上海外滩帕奇艺术酒店;;4.0;17;法租界;31.223114,121.45997;92;28;43;12;7;2;3;3;8;9;
下一栈青年旅舍;;5.0;18;虹口区;31.26337,121.47912;1 ;;;;;;;;;;
上海Zhotels智尚酒店人民广场店;;4.0;19;人民广场;31.226583,121.48151;1 ;;;;;;;;;;
虹口财富戴斯酒店;;4.0;20;虹口区;31.270296,121.48766;1 ;;;;;;;;;;
北上海大酒店;;4.0;21;;;,;1 ;;;;;;;;;;
上海海上小喔南京路店;;4.0;22;人民广场;31.23785,121.48223;25;9;12;4;0;0;0;0;0;1;
西井汇;;3.5;23;;;31.11242,121.05446;5;0;2;1;0;0;1;1;1;0;
芳心园农家乐;;5.0;24;;;30.821217,121.25067;3;2;0;0;0;0;1;0;0;0;
上海好生活旅馆孙桥路店;;4.0;25;;;31.17917,121.6309;3;1;1;1;0;0;0;0;0;0;
Find Us Inn;;4.5;26;法租界;31.208294,121.44233;9;4;5;0;0;0;0;0;0;0;
佘山森林宾馆;;4.0;27;;;31.11457,121.24236;19;2;14;2;0;0;0;0;0;1;
锦瑞宾馆 ;;5.0;28;World Expo;31.193869,121.51061;1 ;;;;;;;;;;
锦江中华村农家乐酒店;;4.0;29;;;,;2;0;2;0;0;0;0;0;0;1;
上海景悦99客栈南桥路店;;4.0;30;Pudong International Airport;31.191092,121.705055;5;2;2;1;0;0;0;0;0;0;
上海扬子精品酒店;;4.5;31;人民广场;31.2335,121.47643;633;392;187;40;9;5;69;169;48;173;
上海大酒店;;4.5;32;人民广场;31.235346,121.48127;814;481;272;36;13;9;121;203;37;197;
浦西万怡酒店;;4.5;33;Shanghai Railway Station;31.243425,121.45518;584;291;231;45;11;3;74;107;52;184;
凯世精品酒店;;4.5;34;静安区;31.229681,121.45942;110;55;44;8;3;0;4;13;7;54;
上海兴国宾馆;;4.5;35;法租界;31.20991,121.43454;269;138;101;20;2;3;17;30;14;100;
新世界丽笙大酒店;;4.5;36;人民广场;31.234636,121.473;1,437;707;560;127;22;20;150;227;78;518;
王宝和大酒店;;4.5;37;人民广场;31.234938,121.48045;594;259;280;38;14;3;48;141;28;139;
花园饭店;;4.5;38;法租界;31.219803,121.46036;715;300;337;61;6;7;52;48;65;238;
上海世博洲际酒店;;4.5;39;World Expo;31.199299,121.50509;591;344;171;45;10;9;41;42;34;257;
上海中星君亭酒店 ;;4.5;40;城隍庙;31.227774,121.48462;799;321;365;75;32;6;92;305;56;118;
上海世茂皇家艾美酒店;;4.5;41;人民广场;31.234455,121.47578;2,085;1,060;746;184;54;32;157;260;90;740;
上海四季酒店;;4.5;42;静安区;31.227345,121.4621;782;418;248;76;19;15;46;52;24;248;
扬子江万丽大酒店;;4.0;43;古北 / 虹桥 / 闵行;31.202818,121.4063;504;167;250;66;7;2;13;32;34;223;
上海宏安瑞士大酒店;;4.5;44;静安区;31.224709,121.447;900;416;353;87;22;16;62;87;51;433;
上海中星铂尔曼大酒店;;4.5;45;;;31.15989,121.43007;116;60;42;11;1;2;8;11;8;67;
上海红塔豪华精选酒店;;4.5;46;;;31.22391,121.528015;560;287;191;71;6;4;29;41;31;201;
豫园万丽酒店;;4.5;47;人民广场;31.2275,121.48807;930;444;356;93;19;9;120;184;55;242;
上海漕河泾万丽酒店;;4.5;48;古北 / 虹桥 / 闵行;31.165379,121.39692;151;80;57;10;0;1;5;8;3;111;
锦江都城外滩经典酒店;;4.5;49;外滩;31.23888,121.48808;61;36;19;4;2;0;7;22;6;14;
上海龙之梦万丽酒店;;4.5;50;中山公园;31.218967,121.41635;634;261;299;51;9;8;29;40;38;244;
上海东锦江希尔顿逸林酒店;;4.0;51;世纪公园;31.210901,121.53415;861;345;340;121;30;19;33;45;38;427;
虹口喜来登酒店 ;;4.5;52;虹口区;31.25771,121.48782;695;403;209;54;14;10;67;106;50;273;
上海锦江汤臣洲际大酒店;;4.5;53;;;31.229555,121.52168;982;451;395;86;35;13;65;56;56;405;
上海夏阳湖皇冠假日酒店;;4.0;54;;;31.151382,121.13811;63;29;23;8;0;2;7;3;1;33;
上海希尔顿酒店;;4.0;55;静安区;31.21949,121.44536;1,929;714;887;230;71;27;102;135;101;717;
上海东方佘山索菲特大酒店;;4.5;56;;;31.113935,121.2236;484;237;164;43;16;9;81;46;10;56;
波特曼丽思卡尔顿酒店;;4.0;57;静安区;31.227106,121.45189;1,104;519;387;136;36;15;70;123;29;364;
索菲特海仑宾馆;;4.0;58;人民广场;31.235546,121.4808;819;338;338;95;28;18;81;166;47;312;
上海虹桥元一希尔顿酒店;;4.5;59;古北 / 虹桥 / 闵行;31.187359,121.39447;657;305;259;65;9;15;33;31;25;450;
西藏大厦万怡酒店;;4.0;60;古北 / 虹桥 / 闵行;31.192196,121.43462;334;133;158;28;9;6;12;15;14;168;
上海文丰宾馆;;4.0;31;Waigaoqiao;,;1 ;;;;;;;;;;
鹰都宾馆;;5.0;32;古北 / 虹桥 / 闵行;31.17194,121.33876;1 ;;;;;;;;;;
上海汉庭海友客栈静安寺店;;3.0;33;静安区;31.227127,121.43534;9;0;3;4;1;1;0;1;3;0;
Uma青年旅舍;;4.5;34;;;31.106941,121.04815;2;1;1;0;0;0;0;0;1;0;
四方客栈;;4.5;35;;;31.11006,121.05637;3;2;1;0;0;0;0;0;0;0;
思慕精品酒店;;4.0;36;虹口区;31.25694,121.51191;1 ;;;;;;;;;;
上海向日葵驿栈;;4.0;37;;;31.22587,121.523544;4;0;4;0;0;0;0;0;0;1;
君悦旅馆;;4.5;38;Caoyang / Zhenru;,;4;2;1;1;0;0;0;0;0;0;
朋友旅馆;;4.0;39;人民广场;31.229465,121.46798;7;1;3;3;0;0;0;0;0;0;
掌柜的客栈;;4.0;40;外滩;31.24238,121.48517;4;0;4;0;0;0;0;0;0;0;
上海假日家庭酒店莘庄店;;4.0;41;;;31.10939,121.38961;8;2;4;2;0;0;0;1;0;0;
红叶旅馆;;4.0;42;;;,;6;0;6;0;0;0;0;1;0;0;
冬暖夏凉旅店曹家渡店;;4.0;43;;;,;4;1;2;1;0;0;0;0;0;0;
丰美旅店;;3.5;44;Pengpu;31.31493,121.38454;13;0;7;4;2;0;0;0;0;0;
赤城山旅馆;;4.5;45;Jiangwan / Wujiaochang;,;2;1;1;0;0;0;0;0;0;0;
返朴农家乐;;4.0;46;;;31.017954,121.862854;2;0;2;0;0;0;0;0;0;0;
滨海农家乐;;4.0;47;;;31.01776,121.86073;1 ;;;;;;;;;;
影都假日旅馆;;3.5;48;Life Hub DANING;,;2;0;1;1;0;0;0;0;0;0;
宏苑假日旅馆;;4.0;49;;;,;1 ;;;;;;;;;;
上海吉泰精品连锁酒店打浦路店;;3.0;50;;;31.20267,121.47071;1 ;;;;;;;;;;
汇顺旅馆;;4.5;51;The North Bund;,;2;1;1;0;0;0;0;0;0;0;
东大招待所;;4.0;52;古北 / 虹桥 / 闵行;,;2;0;2;0;0;0;0;0;0;0;
上海99旅馆连锁真华路店;;3.0;53;;;,;1 ;;;;;;;;;;
茶缘旅馆;;3.5;54;Zhangjiang;,;7;0;3;4;0;0;0;0;0;0;
宏馨旅馆;;4.5;55;Everbright Convention and Exhibition Center;,;2;1;1;0;0;0;0;0;0;0;
九星旅馆长宁店;;4.0;56;古北 / 虹桥 / 闵行;,;1 ;;;;;;;;;;
东巷旅馆;;4.0;58;;;31.112907,121.054985;1 ;;;;;;;;;;
雅益宾馆;;4.0;57;Changshou Road;,;1 ;;;;;;;;;;
永春旅馆;;4.0;59;;;,;2;0;2;0;0;0;1;0;0;0;
世佳商务宾馆 ;;3.0;60;Pudong International Airport;,;1 ;;;;;;;;;;
上海好生活旅店张江店;;3.5;61;Zhangjiang;31.202496,121.616234;3;1;1;1;0;0;0;0;0;0;
绿岛旅馆;;4.0;62;Xujiahui;31.193327,121.44666;1 ;;;;;;;;;;
杭岛假日旅馆;;4.0;63;;;,;1 ;;;;;;;;;;
雅兰旅馆;;4.0;64;The North Bund;,;1 ;;;;;;;;;;
62号客栈;;4.0;65;法租界;31.221563,121.46631;1 ;;;;;;;;;;
上海乐好家假日宾馆;;3.0;66;;;,;1 ;;;;;;;;;;
众盛旅馆;;4.0;67;古北 / 虹桥 / 闵行;,;1 ;;;;;;;;;;
景元旅馆;;5.0;68;;;,;1 ;;;;;;;;;;
艳阳天旅馆;;4.0;69;古北 / 虹桥 / 闵行;,;1 ;;;;;;;;;;
开心农家乐;;4.0;70;;;,;1 ;;;;;;;;;;
上海假日家庭酒店泗泾店;;3.5;71;;;31.115698,121.27636;2;0;1;1;0;0;0;0;0;0;
路家客栈;;4.0;72;;;,;1 ;;;;;;;;;;
